   1.000000       1015.25250024002        19.4487205534241     
   2.000000       171.909140823041        15.8783041910497     
   3.000000       242.251399858469        7.44107869886371     
   4.000000       119.386707850425        13.5531137972118     
   5.000000       99.8702952570072        11.2606860618082     
   6.000000       63.6168372631984        10.4616578014807     
   7.000000       67.4585417575336        12.5940575909483     
   8.000000       40.7703255371502        14.8486211685212     
   9.000000       44.4256427686199        16.6453809616638     
   10.00000       30.4389993631201        35.6007119241754     
   11.00000       32.1698857654374        63.3176890837580     
   12.00000       28.7497622666843        121.082405227729     
   13.00000       21.3068237786977        328.549335358015     
   14.00000       12.5054247703242        871.466976114001     
   15.00000       19.1574318008574        813.262644007220     
   16.00000       16.3311837315375        1727.96781458945     
   17.00000       19.9520641185224        2404.85787712973     
   18.00000       17.5112101066875        2808.25578170501     
   19.00000       17.2349143453501        2699.31470290317     
   20.00000       17.5664395187161        2609.63652696720     
   21.00000       16.3574451974320        2954.95239367780     
   22.00000       13.8240088670766        2725.69739819422     
   23.00000       15.1998559585587        2565.33057587503     
   24.00000       13.4961029776410        2344.14368065622     
